BEFORE ERRAISING
---------------------
2 1 3 | 8 7 9 | 4 5 6 
5 4 6 | 2 1 3 | 7 8 9 
8 7 9 | 5 4 6 | 1 2 3 
---------------------
4 3 5 | 1 9 2 | 6 7 8 
7 6 8 | 4 3 5 | 9 1 2 
1 9 2 | 7 6 8 | 3 4 5 
---------------------
3 2 4 | 9 8 1 | 5 6 7 
6 5 7 | 3 2 4 | 8 9 1 
9 8 1 | 6 5 7 | 2 3 4 
---------------------
BEFORE ERRAISING




---------------------
2 1 3 | 8 7 9 | 4 5 6 
5 4 6 | 2 1 3 | 7 8 9 
8 7 9 | 5 4 6 | 1 2 3 
---------------------
4 3 5 | 1 9 2 | 6 7 8 
7 6 8 | 4 3 5 | 9 1 2 
1 9 2 | 7 6 8 | 3 4 5 
---------------------
3 2 4 | 9 8 1 | 5 6 7 
6 5 7 | 3 2 4 | 8 9 1 
9 8 1 | 6 5 7 | 2 3 4 
---------------------




---------------------
2 1 3 | 8 7 9 | 4 5 6 
5 4 6 | 2 1 3 | 7 8 9 
8 7 9 | 5 4 6 | 1 2 3 
---------------------
4 3 5 | 1 9 2 | 6 7 8 
7 6 8 | 4 3 5 | 9 1 2 
1 9 2 | 7 6 8 | 3 4 5 
---------------------
3 2 4 | 9 8 1 | 5 6 7 
6 5 7 | 3 2 4 | 8 9 1 
9 8 1 | 6 5 7 | 2 3 4 
---------------------




